%YAML:1.0
layer_sizes: [ 32, 16, 1 ]
activation_function: SIGMOID_SYM
f_param1: 6.6666666666666663e-001
f_param2: 1.7159000000000000e+000
min_val: -9.4999999999999996e-001
max_val: 9.4999999999999996e-001
min_val1: -9.7999999999999998e-001
max_val1: 9.7999999999999998e-001
training_params:
   train_method: RPROP
   dw0: 1.0000000000000001e-001
   dw_plus: 1.2000000000000000e+000
   dw_minus: 5.0000000000000000e-001
   dw_min: 1.1920928955078125e-007
   dw_max: 50.
   term_criteria:
      epsilon: 1.0000000000000000e-002
      iterations: 1000
input_scale:
   - 6.3490779212603483e+000
   - -3.7792132015451378e+000
   - 1.4460806503623862e+001
   - -4.2923348758035713e+000
   - 4.3792259035460077e+000
   - -1.7238858455220551e+000
   - 5.8388416534070036e+000
   - -2.5116289675484831e+000
   - 2.4053511669709806e+001
   - -1.0957711174426905e+001
   - 1.7992655230326985e+001
   - -6.1403509434471362e+000
   - 2.4053511669709806e+001
   - -1.0957711174426905e+001
   - 2.7842328446082174e+001
   - -2.5632621077313886e+000
   - 1.6567475668858325e+001
   - -2.2878898545084647e+000
   - 6.5069584269397911e+000
   - -2.9849382819694066e+000
   - 9.3520809057978127e+000
   - -1.8852609668216294e+000
   - 1.6567475668858325e+001
   - -2.2878898545084647e+000
   - 6.5962266434382029e+000
   - -5.2246304569250466e+000
   - 1.1136930724992217e+001
   - -3.0052037370661981e+000
   - 3.1819835499116554e+001
   - -3.1112730614540844e+001
   - 8.5668711486752063e+000
   - -1.1966422904066978e+000
   - 6.8421698430830054e+000
   - -1.2706887793321653e+000
   - 6.0133776774108387e+000
   - -1.3363062799670788e+000
   - 5.3097006976511931e+000
   - -2.4357200151457743e+000
   - 1.0855615499190225e+001
   - -2.2055856172438917e+000
   - 5.9937514185661120e+000
   - -3.3869453418820679e+000
   - 1.3057166865169760e+001
   - -4.7254509729650849e+000
   - 9.8994938056713409e+000
   - -7.0710685494352266e-001
   - 7.1627914958515131e+000
   - -2.4103362912841479e+000
   - 8.8723579959555252e+000
   - -9.9990082378492828e-001
   - 1.0190494965972817e+001
   - -3.7365150030769496e+000
   - 1.3605926925215465e+001
   - -6.8245608465392742e+000
   - 1.6465310100718444e+001
   - -2.9794374607445619e+000
   - 8.0955727719069746e+000
   - -1.8247165752732519e+000
   - 8.0491878406684769e+000
   - -1.4948492812136487e+000
   - 1.4460803952570631e+001
   - -4.2923341904137304e+000
   - 9.1777841347886948e+000
   - -1.2528405272129113e+000
output_scale:
   - 1.
   - 1.
inv_output_scale:
   - 1.
   - -1.
weights:
   -
      - -1.6312372416260386e-002
      - 3.8785354114146478e-002
      - 7.3966397299741471e-002
      - -7.9026405357745202e-002
      - 4.1337937501992633e-002
      - -2.5843235088289875e-002
      - 1.5746666800140235e-002
      - 1.0019998213221729e-002
      - 2.7960567932759008e-002
      - 3.0159331142191621e-002
      - -3.0447034938482714e-001
      - -4.9225906949860149e-002
      - -3.4740756414574664e-002
      - -2.8258438789158480e-001
      - -8.0339268656961754e-002
      - -3.7347436613938717e-002
      - 1.8693131469887758e-001
      - -2.2246645835048810e-002
      - -7.0900416587382817e-002
      - 6.7313330367060897e-001
      - 4.5653117357386128e-002
      - 5.6596665168420282e-002
      - 7.7787330723594825e-002
      - -1.6895455256984984e-001
      - 4.3193808954214444e-002
      - -9.0249120438815597e-002
      - 1.8618864418357936e-001
      - 7.1190796835389411e-002
      - 1.1062396664999828e-001
      - -1.0167764244404974e-001
      - 8.6548167917736715e-002
      - 3.0560927443397812e-001
      - -2.2793452552789784e-001
      - 3.4252943234663380e-002
      - -7.5791889219840078e-002
      - -3.9241963855873960e-002
      - 9.8777268706660940e-002
      - 1.4709749365341540e-001
      - -6.6838076944900668e-002
      - 1.7842418590122316e-001
      - -1.0567914075147189e-001
      - 7.6517525790070928e-002
      - -8.6879556964373814e-002
      - -1.6499988284768538e-001
      - 1.6901085036471919e-001
      - -1.0208631620570273e-001
      - -6.1397516657423360e-003
      - 1.9352875648532497e-001
      - -7.9409490603370894e-002
      - -1.0131106955645083e-001
      - -1.2467288913987970e-001
      - 1.3055961798101837e-001
      - 1.3559255246887628e-001
      - -1.6062114548838640e-003
      - 5.6149146332171412e-002
      - 7.7173188498522130e-002
      - -1.0320667215385906e-001
      - -9.2447815744988143e-002
      - 6.5815467179222487e-001
      - 6.5386646645709187e-002
      - 1.7934610487953842e-001
      - 4.2793261777833558e-001
      - 1.2658758932609493e-001
      - 7.1753388050597500e-002
      - -1.2312568173066788e-002
      - 5.8290185203531034e-002
      - -4.2093786041486558e-002
      - -7.0610693857797543e-002
      - 2.1837590185091196e-002
      - -1.6474686776267757e-002
      - 2.7910582841404206e-002
      - -7.1047327751198666e-002
      - -4.5244582948898396e-002
      - 1.1012502286454286e-002
      - -2.3747968803823777e-001
      - -6.8838898470405664e-004
      - -3.9228676642554403e-002
      - -5.3091625873378367e-001
      - -4.8862336380437965e-002
      - -5.5645478209194695e-002
      - -1.1034684561310054e-003
      - 1.0192914217748077e-001
      - 3.5271469472510475e-002
      - -1.3927488506815039e-001
      - -4.1749359459802918e-002
      - -8.1592603328375021e-002
      - -8.1340526161942706e-002
      - -6.6255804692350359e-002
      - 5.0322638209937931e-002
      - 1.0424083451130342e-001
      - -6.3025714876824712e-001
      - -5.7422591969857176e-002
      - -8.2593449823583048e-002
      - -4.0931106102192671e-001
      - -1.3478923465875417e-001
      - -5.8100296869203198e-002
      - 6.9303073432975384e-002
      - 5.0787438603661514e-002
      - 4.3967067518549660e-002
      - -1.5700709742651608e-001
      - 4.2268105353927748e-002
      - 3.3127605197916035e-002
      - 2.6677595836758728e-003
      - -2.2773958785727189e-002
      - 8.1984364339779490e-003
      - 6.4888197435938447e-002
      - -2.2558114034813170e-001
      - -5.9360231309240959e-002
      - -2.0465635171384340e-002
      - -4.6223462837332285e-001
      - -1.2815535562120001e-001
      - -6.9871972367298488e-002
      - 1.8214110735664622e-002
      - -1.6110040210633986e-001
      - -1.3358450205858338e-001
      - -1.1379062375884123e-001
      - 7.0794292698930297e-002
      - 1.0447880862350303e-001
      - 5.7275147379655868e-002
      - 5.8054169729110563e-003
      - 7.4471951429134681e-002
      - -1.4160773965310572e-001
      - -5.0873402786962077e-002
      - 1.0843890663702550e-001
      - -4.6490116585100119e-003
      - -7.7200950026602128e-002
      - -3.3123987626939091e-002
      - 1.0390291146988592e-001
      - 2.5887629734636952e-001
      - -7.5754198518551905e-002
      - -6.3711617067521514e-002
      - 5.8197706724035092e-001
      - 5.9446326407544638e-002
      - -3.0185056678076642e-002
      - 1.4035461913288026e-002
      - -2.2885291516718015e-001
      - 1.0371678472575142e-001
      - -6.1480365215920402e-002
      - 2.1765020552373968e-001
      - 8.2247899052405468e-002
      - 3.8480166980366638e-002
      - -1.3576982599100409e-001
      - 9.1468864288863708e-003
      - 2.4579685482006142e-001
      - 6.7421120609989019e-002
      - 3.6424480002069284e-002
      - 3.0150868799667687e-002
      - -9.2935428637424808e-002
      - 6.9633940522819916e-003
      - -3.0029348045408657e-002
      - -5.0560625415882049e-002
      - -7.8378554078832666e-002
      - -6.2254914633647698e-002
      - 5.1978444362303894e-002
      - -3.2611743242126684e-001
      - -2.0364514177559415e-002
      - -6.1119904330171865e-002
      - -2.0863400287558695e-001
      - -1.6729482494885491e-002
      - -5.7754882579324672e-002
      - -2.4926651780885853e-001
      - 6.5918405457825277e-002
      - 5.3650801421680841e-002
      - -6.9921918465024913e-001
      - -5.0822273002916765e-002
      - 1.7040255274850404e-002
      - -2.9190727600598980e-002
      - 2.3864383083665941e-001
