%YAML:1.0
vocabulary: !!opencv-matrix
   rows: 32
   cols: 64
   dt: f
   data: [ 5.16300881e-003, 2.58364026e-002, 2.46347114e-002,
       5.84559701e-002, -7.85935484e-003, 3.25368084e-002,
       4.03959453e-002, 8.99630487e-002, -1.40576661e-002,
       5.32098114e-003, 6.41610622e-002, 9.18266252e-002,
       -9.24919825e-003, -1.45040732e-002, 4.86922301e-002,
       6.37003481e-002, -1.28557289e-003, -1.00975715e-001,
       4.06792499e-002, 2.19832271e-001, -3.84562723e-002,
       -1.57694519e-001, 8.09488073e-002, 3.78836334e-001,
       -3.20009701e-002, -1.23666272e-001, 1.02674156e-001,
       3.77290457e-001, 1.94240920e-002, -5.69823720e-002,
       7.98731744e-002, 2.20716372e-001, 1.72601175e-002,
       1.15853101e-001, 4.71871011e-002, 1.85370207e-001,
       -5.95902419e-003, 2.07961515e-001, 5.49373105e-002,
       2.85878450e-001, -2.49357559e-002, 2.07076356e-001,
       7.12098107e-002, 2.72045821e-001, -1.87465660e-002,
       9.97146517e-002, 6.72031492e-002, 1.69086352e-001,
       9.61699802e-003, -2.16350239e-002, 3.31666246e-002,
       4.90165539e-002, 4.17890400e-003, -3.77858505e-002,
       5.13506457e-002, 5.80475740e-002, -2.75571197e-002,
       -3.39750312e-002, 5.62826470e-002, 5.56889921e-002,
       -1.38956429e-002, -9.93945450e-003, 3.60707156e-002,
       4.21893410e-002, 3.92145943e-004, 5.37603279e-004,
       2.17086151e-002, 1.36599662e-002, 7.80870160e-003,
       7.01280124e-003, 4.03554961e-002, 2.02822760e-002,
       5.80658345e-003, 6.79711113e-003, 3.86417694e-002,
       1.79644637e-002, 8.28250125e-003, 1.72377676e-002,
       2.85746325e-002, 2.16463190e-002, 1.93666965e-002,
       1.25051931e-001, 4.83443700e-002, 1.39023051e-001,
       2.88048834e-002, 2.53183752e-001, 7.66449273e-002,
       2.64476746e-001, 7.36550801e-003, 2.08217070e-001,
       9.77083519e-002, 2.31652901e-001, 4.42324467e-002,
       1.23905979e-001, 8.53165090e-002, 1.50963411e-001,
       6.97766244e-002, 1.64492697e-001, 1.01252653e-001,
       2.34382093e-001, 5.15934685e-003, 2.57418066e-001,
       9.16267186e-002, 3.06459457e-001, -9.10113081e-002,
       2.11172238e-001, 1.47728294e-001, 2.59944618e-001,
       8.97854846e-003, 8.30413550e-002, 1.10857606e-001,
       1.25131175e-001, 3.65853459e-002, -1.53447650e-002,
       6.49654493e-002, 7.59385601e-002, 1.94126498e-002,
       -1.30123682e-002, 7.45843500e-002, 8.67565945e-002,
       -5.58006987e-002, 2.73845103e-002, 9.23565477e-002,
       9.17030722e-002, -2.49138251e-002, 8.69142450e-003,
       7.89665729e-002, 6.13386109e-002, -7.64986174e-003,
       -2.77448539e-002, 6.91563934e-002, 5.90645261e-002,
       -7.04796091e-002, -6.17137887e-002, 1.36349767e-001,
       1.37683213e-001, -3.53675336e-002, -4.64454778e-002,
       1.34092271e-001, 1.34154841e-001, 5.93941733e-002,
       5.21174027e-003, 1.05037428e-001, 8.34958479e-002,
       3.52007784e-002, -2.37272866e-002, 1.07947975e-001,
       7.97149017e-002, -3.18872295e-002, 1.61443695e-001,
       1.61544338e-001, 2.51129955e-001, 6.65938249e-003,
       2.62899190e-001, 1.71913296e-001, 3.26843023e-001,
       2.25820895e-002, 7.72246495e-002, 1.49964124e-001,
       1.42857105e-001, 1.10440411e-001, -4.35126759e-003,
       1.25285536e-001, 6.81601539e-002, 1.15677118e-001,
       5.99682108e-002, 1.51475161e-001, 1.50581867e-001,
       -5.59449345e-002, 5.18978052e-002, 1.25250742e-001,
       1.63272411e-001, -8.56785178e-002, -2.06647348e-002,
       1.45392299e-001, 1.25202954e-001, 6.59816340e-002,
       -3.81367616e-002, 7.13100359e-002, 6.48601353e-002,
       6.24866039e-002, -8.82428065e-002, 8.58112201e-002,
       1.17677592e-001, -5.91204092e-002, -1.09274179e-001,
       9.51226205e-002, 1.26099303e-001, -4.86530587e-002,
       -5.11625186e-002, 9.36530605e-002, 7.96956047e-002,
       2.30780561e-002, -2.42135152e-002, 4.55351137e-002,
       5.25317341e-002, 7.28793219e-002, -2.17860136e-002,
       1.35728732e-001, 1.10088497e-001, 5.62323853e-002,
       -4.91851149e-003, 1.12948559e-001, 1.38495594e-001,
       6.85997133e-004, 5.57485037e-003, 6.93052039e-002,
       6.70243204e-002, 5.15918173e-002, -1.81465701e-003,
       8.23604241e-002, 8.54452476e-002, 9.74835083e-002,
       5.18572442e-002, 2.04629570e-001, 2.39509657e-001,
       5.15370518e-002, -4.62666787e-002, 1.84121400e-001,
       3.17928135e-001, -6.84037758e-003, -9.68105718e-002,
       1.13311298e-001, 1.80272132e-001, 9.63591263e-002,
       2.33262740e-002, 1.28817528e-001, 6.97621331e-002,
       1.27199396e-001, 8.25543553e-002, 2.29868174e-001,
       1.78644285e-001, -1.05312094e-001, 3.29209566e-002,
       2.22611472e-001, 2.42594823e-001, -3.53796072e-002,
       -6.08369615e-003, 1.20743990e-001, 1.57563880e-001,
       6.64476380e-002, 1.56187760e-002, 9.77151617e-002,
       4.63173687e-002, 5.42597882e-002, -6.99308142e-003,
       1.35237321e-001, 7.48257190e-002, -4.41321023e-002,
       4.20995103e-003, 1.36314228e-001, 8.58688354e-002,
       -2.89532933e-002, 1.85259841e-002, 7.46657848e-002,
       6.33644983e-002, -9.34707560e-003, 9.24264453e-003,
       3.66569012e-002, 2.10707262e-002, -2.87799258e-002,
       1.91411301e-002, 3.04566696e-002, 1.97817702e-002,
       -8.92453548e-003, 1.57936402e-002, 1.72100049e-002,
       1.58117227e-002, 9.36038233e-003, 2.78678685e-002,
       1.50006153e-002, 2.78802868e-002, 1.37057099e-002,
       7.63002560e-002, 1.04880944e-001, 1.26452774e-001,
       -2.37927660e-002, 1.98103696e-001, 1.34762928e-001,
       2.15824023e-001, 2.29098126e-002, 2.60577381e-001,
       9.78876874e-002, 2.67367840e-001, 3.46122868e-002,
       1.60016805e-001, 6.22128360e-002, 1.71382844e-001,
       6.95549399e-002, 3.21779475e-002, 2.12750047e-001,
       1.89866617e-001, 4.33448628e-002, 7.70884231e-002,
       3.04623902e-001, 2.76888013e-001, 6.45546336e-003,
       9.85367596e-002, 1.56658322e-001, 2.22418562e-001,
       -3.14122997e-002, 1.48197664e-002, 6.83983266e-002,
       1.13340981e-001, -5.34364581e-003, -1.51245939e-002,
       1.02563418e-001, 9.42638367e-002, 5.53250499e-002,
       -7.58079886e-002, 1.74084276e-001, 1.25914544e-001,
       1.71054211e-002, -3.49714383e-002, 1.38067052e-001,
       1.01369441e-001, -3.71073186e-002, -1.10286204e-002,
       6.79711774e-002, 5.47832623e-002, 1.05099974e-003,
       2.21937895e-002, 6.82657957e-003, 2.84863655e-002,
       3.94774899e-002, 3.01105436e-002, 5.49542308e-002,
       5.91455363e-002, 5.94803356e-002, 5.21078100e-003,
       1.11050338e-001, 8.38674083e-002, 1.19401217e-002,
       2.59514921e-003, 1.01745136e-001, 6.94323406e-002,
       7.68648367e-003, 1.43635839e-001, 2.03904361e-002,
       2.00786412e-001, 3.40017788e-002, 2.43701428e-001,
       6.90031201e-002, 3.36868852e-001, -1.27816303e-002,
       1.86123371e-001, 1.49717063e-001, 2.83138126e-001,
       1.09153660e-002, 3.07555404e-002, 1.65647000e-001,
       1.45757973e-001, 3.14410165e-004, -1.02258414e-001,
       2.33766008e-002, 1.99527398e-001, 8.36907551e-002,
       -1.53398618e-001, 1.29485637e-001, 3.22024912e-001,
       -5.21858186e-002, -5.12398630e-002, 1.83556303e-001,
       2.43314222e-001, -5.68723567e-002, -2.86604948e-002,
       1.36237383e-001, 1.20047890e-001, -9.80905024e-004,
       -4.86648679e-002, 7.97384698e-003, 5.78124784e-002,
       7.73120970e-002, -7.64654353e-002, 8.92395154e-002,
       9.67864171e-002, 5.33763617e-002, -4.49221544e-002,
       1.14341952e-001, 8.87864679e-002, -5.38937934e-002,
       -5.82042756e-003, 7.55166635e-002, 4.62099202e-002,
       -5.47228269e-002, -6.48886710e-002, 9.57802832e-002,
       1.10480338e-001, -6.40875241e-003, -1.57322571e-001,
       1.37684226e-001, 2.13575602e-001, 5.16530313e-002,
       -1.43725738e-001, 1.32675216e-001, 2.05169261e-001,
       -1.50864003e-002, -6.85905591e-002, 7.19838068e-002,
       1.13174081e-001, -1.05061144e-001, 1.07974811e-002,
       1.37777552e-001, 1.27993494e-001, 7.04206713e-003,
